Material:
  Transparent: false
  AlbedoColor: [0.803720474, 0.0581486411, 0.876106203]
  Emission: 2
  UseNormalMap: false
  Metalness: 0.430000007
  Roughness: 0.574999988
  AlbedoMap: 0
  NormalMap: 0
  MetalnessMap: 0
  RoughnessMap: 0
  MaterialFlags: 22