Material:
  Transparent: false
  AlbedoColor: [0.734513283, 0.734513283, 0.734513283]
  Emission: 0
  UseNormalMap: false
  Metalness: 0.504999995
  Roughness: 0.400000006
  AlbedoMap: 0
  NormalMap: 0
  MetalnessMap: 0
  RoughnessMap: 0
  MaterialFlags: 6